$ANSIBLE_VAULT;1.1;AES256
35383064613462303530613366656335396432343438336665363835623431353533323564653639
3030383961633139636334303566326232646437343933330a373166316133396339383233616563
66356530656163386534396662373166343739386566343038353665323938366563653065643635
3633656530343837640a316536313063383564316165623938623662633337303065353265363964
36663861396466363563616533623635663834353964623036303232376634323139386563333163
30366562356162636664666263656233336631646538343133363032636365333836636439353833
38656533643264656564643138643034336163656363366537323862663962663531666464633330
61623066376564363564643830643638303631626233353530306130316566323334643634326461
33393634323635613830393633393139353038326530306664613463336332313066303730623266
31323665643563356339623336393363623830633835363430316262666664653839336130393035
38613665356636363163616663333039633231316236656165383261393230386362363336386533
31633561356436343232353237633138316538336632363431623962346631366632383431316665
63613262333438316466666236393262633831623434316437323639383737373864306362373561
64393237636437346637373563613039326132306662396533396333356466623830656135333833
39306239336461316232346138643835636663663039363537356162396366323838333261623961
62373836353535313933383162653234636164653532363563373661373562353434653264306662
39383130333539313366373064376134383065613765363536653739393565383936386233376261
66393532303664353064643166356162386336333361383031666335363532353939353137333664
32313161333137373063343736376137366630353930646133666236396531616338303231633765
38626436303463613263613138323465393462383765373830623233396361343862653534396335
38666436393836666330313937333036363861313630363763643431323663306238653261616335
35386132343538306361383432656263623835393739306430633933613462366439353961393962
38613836613039303136386131616463376430366435313730633830396438383163326466386137
61393637316437376234383464633364393039653239373234393338343736313839663633663361
63636533316264633830633861393966316531623663356261343465313664353338346630326666
64393734623037613334613166643438663132316561623339326633656530613138613230353639
66663765323533383636393861636163366264393035613766633666353164616362666439383266
62323631363033633530643838386232373731323638616234396466343565373466346464343636
32336262666435643939356331623130363337326130383033393634363635363236356630373861
36386633393538646461383738356430643866343361623665643831613038373064616433636131
36393966396462356436353937373436356636646532373435393334656436656264666336666339
34366334366233306164356662383033353665643261373338303561313062373437636531353534
65353639313862636365306262653235313434303266623536366563386536383864326263636235
31663134663732646539616432656436656665616234383832396461336662373137313965383638
64303464343136633432646132326563333333646132393835613665666236386636336562373734
65663638326630643463383630323262393665396533363165663033626533323261643134613963
37633832336662616461636261636161613264303933663461313639373234323938643936313338
62393934643737623938363364643635303635393930656262336634653335316132366265346161
38326234666663376164323630343736646235633962626539363963323532636131323164366233
39383261356336393832306431303735343033633031326561363232613733363562356530303336
36306565333661613733303533636663383035646662633564383435393532653031633037396562
35326463303266303533363532323439316138333533636233303565306230666239393834343164
33353239633564373539343764646439383065656165343135613535343135363666633561643339
66363137396166326664666266613139653664313435326233333736343734316662366430356331
65346339366336333366643963356566613932666439613061363462346435316337393261666233
37623264336561636437626261626563666333616138663165653462643638623830323836373030
38336661393332663161643830303633613962356438346361613061393134613263656666343966
32316237363662633363373862303661393764623637626137646536643366633835633239326331
66376630336661613061333135396238313430643438366336373433626432333438353162356466
34336537363265343136383038626564616231313766643237613431316661643936373636346339
66303462623766376434663837313865353733363063373535356564383638633665343064313363
38636138353466323564616236666461656163666265386237636462376637383666663661653634
61623930626233336265353731303930653132333938656437643661353133303535636536663638
38656536643735386564386564653533373932643165383737326466616362393366663539623437
31316339393938366631326166363634623836303930636434343738323065363330326331353436
38616630633739306335616331393362393631353061383631646339313230363331366137646534
33666633393864373266323330353536363562646666303933646162373864353330643861626361
62303364343162356133663862386533333865343236663064326539393238306431663962316261
39626265313239666239313366653735366432663430616436343734656461616438303764386662
32643437303763383433623130366162633563616239313663343633313861306235346130336436
62653833383731633030303966656638653633656434303530393035636363366364396665356663
39613461663766653861366665316130353265326532356261313833366537373366623936306331
30366133623331323238346334613632313833393664393637326133353333323461356363623336
36663333663039393764396630346134346334316462353534333033343233386534353936653036
66623263353761663662363736373965663033396164353664306439396139323637613532316230
34363465373233386361353839396366643638666566623935306235343830306238653566333434
39623564376138343534306639653234663230666164616436393336363139333561383439613966
61383761346162336333373064393936663066623662343438303336333733353762653631643735
35343166343465333762646463376336336265303638616538323061653531666232656565383138
63316336333838616264653535643639386264346538386464343832636236616235323330636265
30316461326435666336666636616430323339366663356438626238323437656463323130303164
66643065303138646630653864396565353738326339653634356236356135353533663837303937
31333666626138643464356632643237366434646533663436633537306338663962383863626161
33393832646335363137363464663033376531323939663061663639663337323932633931316264
35396137623836373736363834626335396165626463313663343331623631366130393861623363
64326363623166623162313366613635633066616138653931393833323565333031623266393239
65383436346237393030663361623436363265633763366663633261616536366537393831393534
63356461653835373066633162316435353961373830323931396531376631643432343631636361
32636130303631323466646439373665376565343933643336653766343461616632623136383565
37666230633431323732333766333837376433626362323239623663383032396430613932316238
38386531656330373965656238633131303437616665383738356662363635326231326330616666
65656639316163653366623265636236623339613563386264313163623037623163333834653434
64356661336133633937663232656361643965343132333637633436393531343333393531636334
63383063633465346337383061373765613062303432323165393837356565326134383762666361
62376336323738623235363364613030306331303436353433343762383937363365366439613263
66363832373230623463316438363832333065303534353761363132353263316333343330333031
32633435643462643161333265623638376337653766353865353136653062643431393763623632
34373037303439326566613865383332613637366532656639366564383764376533326564643065
62303735343636303034316231343838623531353635366561326235316133343066353836646131
61306434303063653735643734366164636464666565633334323466303436346139333037393531
64353239653065653961373339633232333461626331316265333337376362363639383635313564
62396363616235373737323533313532616535333633383561373362386631346233363839393737
6231
